110  0.586   1.3090000  0.555  0.302  0.403  0.769  1.023
125  0.423   0.9095000  0.400  0.218  0.290  0.558  0.746
150  0.300   0.5279000  0.273  0.149  0.198  0.380  0.512
200  0.161   0.2054000  0.149  0.080  0.106  0.208  0.282
300  0.082   0.0413200  0.071  0.037  0.050  0.102  0.141
400  0.073   0.0127300  0.060  0.031  0.042  0.087  0.121
500  0.094   0.0052560  0.076  0.039  0.053  0.111  0.156
600  0.121   0.0025440  0.096  0.049  0.067  0.141  0.199
800  0.212   0.0007842  0.175  0.091  0.123  0.251  0.346
1000 0.283   0.0002977  0.259  0.136  0.184  0.370  0.509
